S
0.928 0.000 0.000 0.000 0.000 0.000
0.000 0.928 0.000 0.000 0.000 0.000
0.000 0.000 0.928 0.000 0.000 0.000
0.000 0.000 0.000 0.952 0.000 0.000
0.000 0.000 0.000 0.000 0.952 0.000
0.000 0.000 0.000 0.000 0.000 0.952
A
0.600 0.000 0.000 0.000 0.000 0.000 
0.000 0.700 0.000 0.000 0.000 0.000 
0.000 0.000 0.500 0.000 0.000 0.000 
0.400 0.000 0.000 1.000 0.000 0.000 
0.000 0.300 0.000 0.000 1.000 0.000 
0.000 0.000 0.500 0.000 0.000 1.000 
X
0.300 0.000 0.000 0.000 0.000 0.000
0.500 0.200 0.000 0.000 0.000 0.000
0.200 0.800 1.000 0.000 0.000 0.000
0.000 0.000 0.000 0.400 0.000 0.000
0.000 0.000 0.000 0.600 0.500 0.000
0.000 0.000 0.000 0.000 0.500 1.000



